16.7843
17.4985
16.8980
16.8493
17.4127
17.4678
16.8129
16.7424
17.0150
16.8004
16.9960
16.7282
16.7831
16.9157
16.8666
16.7552
17.2095
16.9422
16.9640
16.9810
16.9518
16.8134
16.9668
17.1018
16.8549
16.8948
16.8405
18.6249
16.5985
16.7666
16.4417
16.5901
16.7860
17.3701
16.8577
16.6779
16.9473
16.8868
16.8559
16.9618
17.0061
16.8441
16.9604
16.7945
16.8369
16.7850
16.6092
17.2749
17.3094
17.0018
16.7999
17.5767
16.9004
16.8325
16.8398
16.4850
16.8016
16.7828
16.8544
16.8096
16.9214
17.5955
16.7007
16.7251
17.2807
16.8653
16.5778
17.4291
16.9472
0.4255
0.3321
0.2961
0.2741
0.3981
0.2633
0.3700
0.4008
0.3377
0.2816
0.4368
0.3422
0.2963
0.2715
0.3700
0.4701
0.2261
0.2229
0.3465
0.3067
0.5133
0.4498
0.3620
0.3985
0.3193
0.3490
0.2823
0.3047
0.5180
0.2777
0.5267
0.4396
0.3753
0.2650
0.3452
0.2588
0.3000
0.3150
0.2854
0.3452
0.3706
0.3019
0.3552
0.3743
0.2046
0.4490
0.3942
0.4253
0.2622
0.3998
0.3807
0.2702
0.2214
0.3584
0.3947
0.5012
0.2942
0.2190
0.2522
0.2234
0.2598
0.3232
0.4413
0.3733
0.3333
0.1853
0.5846
0.4673
0.3459
