25.8629
29.9135
30.2270
30.4658
27.3684
32.6749
28.6746
26.3470
28.8388
29.5019
29.4437
28.2368
29.2097
30.6174
27.2000
28.6162
32.4923
32.6891
28.0378
29.0300
27.1258
27.1708
29.2486
28.7719
29.5038
28.2443
29.7179
32.7874
25.1355
29.4933
25.0019
26.5846
28.2454
33.5334
27.7062
26.5703
27.8898
28.8566
33.7172
29.3771
27.8480
29.7111
30.8315
27.7234
32.9421
26.5366
26.4928
30.5807
30.9397
26.5111
28.7963
31.5346
30.3705
29.1152
27.4398
24.2472
27.7690
30.0916
29.6979
30.4114
29.6745
34.7247
26.8510
26.2047
28.6615
38.5247
25.0266
26.5840
29.0584
0.7960
0.9089
0.9211
0.9029
0.8543
0.9333
0.8782
0.8198
0.8819
0.8801
0.9231
0.8550
0.8735
0.9088
0.8491
0.9042
0.9207
0.9366
0.8583
0.8988
0.9150
0.8601
0.9106
0.9059
0.9357
0.8616
0.8900
0.9306
0.8590
0.8696
0.8442
0.8544
0.9252
0.9371
0.8486
0.6703
0.8241
0.8613
0.9551
0.8748
0.8616
0.8868
0.9320
0.8842
0.9198
0.8405
0.8285
0.9506
0.8944
0.8207
0.8704
0.9030
0.8577
0.8884
0.8437
0.7930
0.8436
0.8608
0.8584
0.8783
0.8731
0.9681
0.8671
0.7798
0.8739
0.9860
0.8756
0.8891
0.8789
