25.9664
30.2802
30.1965
30.7370
27.6800
33.0438
28.7741
26.2855
29.1470
29.8404
29.1992
28.4653
29.6244
30.9495
27.3047
28.2642
33.0171
33.0894
28.3280
29.0015
26.4763
27.2217
29.0180
28.7808
29.5540
28.6596
30.0829
33.2127
24.4965
29.9354
24.6985
26.7041
28.0020
33.6504
28.1693
27.5567
28.6321
29.2310
33.3175
29.5242
28.1096
29.7606
30.5715
27.8420
33.6946
26.4995
26.6992
30.1179
31.5729
26.9757
28.6890
32.1000
31.1889
29.2891
27.7242
24.1155
28.3988
30.9628
30.4737
31.0597
30.3039
34.2155
26.6257
26.7910
29.0320
38.3270
24.8003
26.2154
29.2393
0.8330
0.9275
0.9322
0.9195
0.8865
0.9464
0.8998
0.8546
0.9068
0.9024
0.9297
0.8797
0.8995
0.9258
0.8765
0.9164
0.9360
0.9482
0.8926
0.9167
0.9188
0.8834
0.9231
0.9190
0.9458
0.8884
0.9097
0.9424
0.8801
0.8972
0.8633
0.8768
0.9335
0.9455
0.8812
0.7548
0.8702
0.8899
0.9585
0.8962
0.8915
0.9071
0.9400
0.9043
0.9387
0.8696
0.8621
0.9521
0.9154
0.8638
0.8963
0.9210
0.8922
0.9067
0.8762
0.8303
0.8840
0.8952
0.8913
0.9029
0.9017
0.9696
0.8835
0.8326
0.8966
0.9867
0.8897
0.9008
0.9016
