25.4869
29.4206
29.9069
29.9209
26.7321
32.1471
28.2467
25.9495
28.3726
29.0245
29.1681
27.8018
28.6044
30.2354
26.8104
28.4072
32.1476
32.2743
27.4558
28.6614
26.9064
26.8200
28.8568
28.4331
29.0871
27.7967
29.2208
32.5818
24.9046
28.9610
24.5782
26.1338
27.7900
33.1750
27.3058
26.3270
27.4559
28.2671
33.3829
29.0426
27.4531
29.4524
30.5155
27.2066
32.3926
26.1953
25.9681
30.3919
30.5304
25.9565
28.6164
31.1118
29.8714
28.7140
27.0370
23.6040
27.2126
29.6236
29.2945
30.0039
29.2672
34.5790
26.3224
25.7310
28.2615
38.1321
24.6362
26.1098
28.6469
0.7750
0.8954
0.9140
0.8865
0.8261
0.9237
0.8603
0.7934
0.8650
0.8638
0.9157
0.8344
0.8504
0.8993
0.8301
0.8944
0.9141
0.9306
0.8356
0.8888
0.9060
0.8430
0.8969
0.8949
0.9266
0.8438
0.8760
0.9265
0.8367
0.8493
0.8209
0.8318
0.9143
0.9325
0.8309
0.6569
0.8032
0.8367
0.9496
0.8621
0.8443
0.8782
0.9234
0.8652
0.9096
0.8203
0.7985
0.9461
0.8855
0.7906
0.8596
0.8936
0.8416
0.8746
0.8234
0.7452
0.8193
0.8458
0.8462
0.8680
0.8617
0.9669
0.8428
0.7501
0.8603
0.9866
0.8579
0.8704
0.8634
