21.6804
23.3310
22.7145
22.7598
22.5403
23.3763
22.4376
21.7421
22.6478
22.6079
22.7546
22.3262
22.5452
22.8851
22.1367
22.2906
23.4318
23.1398
22.4552
22.5876
21.8906
22.1225
22.4796
22.6765
22.6098
22.4763
22.6948
25.0204
20.9756
22.6061
20.9747
21.7860
22.2604
23.3619
22.3213
22.2266
22.4819
22.5609
23.0038
22.7451
22.4452
22.6555
22.8580
22.1414
23.0971
21.8392
21.7725
23.0353
23.3364
22.1349
22.4870
23.5114
22.8917
22.5008
22.2298
20.7600
22.3383
22.8145
22.7857
22.8455
22.8415
24.1828
21.8226
21.9261
23.0151
23.3673
21.1252
22.1316
22.5376
0.6652
0.6278
0.5710
0.5726
0.6664
0.5582
0.6483
0.6486
0.6196
0.5701
0.7017
0.6225
0.5878
0.5569
0.6318
0.7187
0.5367
0.5226
0.6085
0.5736
0.7397
0.7013
0.6349
0.6815
0.5950
0.6258
0.5753
0.6345
0.7194
0.5672
0.7399
0.6983
0.6334
0.5533
0.6122
0.5223
0.5730
0.5991
0.5840
0.6159
0.6384
0.5754
0.6336
0.6399
0.5037
0.6870
0.6557
0.6879
0.5611
0.6584
0.6314
0.5661
0.5147
0.6341
0.6524
0.7079
0.5675
0.5101
0.5384
0.5142
0.5429
0.6446
0.7014
0.6277
0.6362
0.4865
0.7817
0.7079
0.6180
